2.000000238418579018e-02 0.000000000000000000e+00
6.000000715255737055e-02 0.000000000000000000e+00
1.000000119209289579e-01 0.000000000000000000e+00
1.400000166893005105e-01 0.000000000000000000e+00
1.800000214576721047e-01 0.000000000000000000e+00
2.200000262260436990e-01 0.000000000000000000e+00
2.600000309944152654e-01 0.000000000000000000e+00
3.000000357627868874e-01 0.000000000000000000e+00
3.400000405311583984e-01 0.000000000000000000e+00
3.800000452995299649e-01 0.000000000000000000e+00
4.200000500679015869e-01 0.000000000000000000e+00
4.600000548362731534e-01 0.000000000000000000e+00
5.000000596046447754e-01 0.000000000000000000e+00
5.400000643730162864e-01 0.000000000000000000e+00
5.800000691413879084e-01 0.000000000000000000e+00
6.200000739097595304e-01 0.000000000000000000e+00
6.600000786781310413e-01 0.000000000000000000e+00
7.000000834465026633e-01 0.000000000000000000e+00
7.400000882148741743e-01 0.000000000000000000e+00
7.800000929832457963e-01 0.000000000000000000e+00
8.200000977516174183e-01 0.000000000000000000e+00
8.600001025199889293e-01 0.000000000000000000e+00
9.000001072883606623e-01 0.000000000000000000e+00
9.400001120567321733e-01 0.000000000000000000e+00
9.800001168251037953e-01 0.000000000000000000e+00
1.020000121593475306e+00 0.000000000000000000e+00
1.060000126361846817e+00 0.000000000000000000e+00
1.100000131130218550e+00 0.000000000000000000e+00
1.140000135898590283e+00 7.145276069641113281e-01
1.180000140666961794e+00 8.108109235763549805e-01
1.220000145435333305e+00 1.026048302650451660e+00
1.260000150203704816e+00 1.154130697250366211e+00
1.300000154972076549e+00 1.223714590072631836e+00
1.340000159740448060e+00 1.282984495162963867e+00
1.380000164508819571e+00 1.345206260681152344e+00
1.420000169277191082e+00 1.407372951507568359e+00
1.460000174045562593e+00 1.409503698348999023e+00
1.500000178813934326e+00 1.402135252952575684e+00
1.540000183582306059e+00 1.396567821502685547e+00
1.580000188350677570e+00 1.392542600631713867e+00
1.620000193119049081e+00 1.390908837318420410e+00
1.660000197887420814e+00 1.388219714164733887e+00
1.700000202655792325e+00 1.384379386901855469e+00
1.740000207424163836e+00 1.381063938140869141e+00
1.780000212192535347e+00 1.380445837974548340e+00
1.820000216960907080e+00 1.381019949913024902e+00
1.860000221729278591e+00 1.381541132926940918e+00
1.900000226497650324e+00 1.382403135299682617e+00
1.940000231266021613e+00 1.384872555732727051e+00
1.980000236034393346e+00 1.389552831649780273e+00
2.020000240802764857e+00 1.396491646766662598e+00
2.060000245571136368e+00 1.405706286430358887e+00
2.100000250339507879e+00 1.403091549873352051e+00
2.140000255107879834e+00 1.410436153411865234e+00
2.180000259876251345e+00 1.413393378257751465e+00
2.220000264644622856e+00 1.413984775543212891e+00
2.260000269412994367e+00 1.414783120155334473e+00
2.300000274181365878e+00 1.419659733772277832e+00
2.340000278949737833e+00 1.422944307327270508e+00
2.380000283718108900e+00 1.428620100021362305e+00
2.420000288486480855e+00 1.432337284088134766e+00
2.460000293254851922e+00 1.434058427810668945e+00
2.500000298023223877e+00 1.438246488571166992e+00
2.540000302791595388e+00 1.444905996322631836e+00
2.580000307559966899e+00 1.451399445533752441e+00
2.620000312328338854e+00 1.459938168525695801e+00
2.660000317096710365e+00 1.463358044624328613e+00
2.700000321865081876e+00 1.462006449699401855e+00
2.740000326633453387e+00 1.461719632148742676e+00
2.780000331401824898e+00 1.463246345520019531e+00
2.820000336170196409e+00 1.464027762413024902e+00
2.860000340938568364e+00 1.466775178909301758e+00
2.900000345706939431e+00 1.470634341239929199e+00
2.940000350475311386e+00 1.474276065826416016e+00
2.980000355243682453e+00 1.477112531661987305e+00
3.020000360012054408e+00 1.474288702011108398e+00
3.060000364780426363e+00 1.477338075637817383e+00
3.100000369548797430e+00 1.481595396995544434e+00
3.140000374317169385e+00 1.494147777557373047e+00
3.180000379085540452e+00 1.499981164932250977e+00
3.220000383853912407e+00 1.501241207122802734e+00
3.260000388622283918e+00 1.498079419136047363e+00
3.300000393390655429e+00 1.494234919548034668e+00
3.340000398159026940e+00 1.492368936538696289e+00
3.380000402927398451e+00 1.493185639381408691e+00
3.420000407695769962e+00 1.493639707565307617e+00
3.460000412464141917e+00 1.502350926399230957e+00
3.500000417232513428e+00 1.509340524673461914e+00
3.540000422000884939e+00 1.508943438529968262e+00
3.580000426769256450e+00 1.504060387611389160e+00
3.620000431537627961e+00 1.501163125038146973e+00
3.660000436305999028e+00 1.499028563499450684e+00
3.700000441074370539e+00 1.499403715133666992e+00
3.740000445842742494e+00 1.498836755752563477e+00
3.780000450611114449e+00 1.498899340629577637e+00
3.820000455379485071e+00 1.498470544815063477e+00
3.860000460147857027e+00 1.498567104339599609e+00
3.900000464916228538e+00 1.499720335006713867e+00
3.940000469684600493e+00 1.501261830329895020e+00
3.980000474452972448e+00 1.502617716789245605e+00
4.020000479221343070e+00 1.504538416862487793e+00
4.060000483989714581e+00 1.506800532341003418e+00
4.100000488758086981e+00 1.508998751640319824e+00
4.140000493526458492e+00 1.510245680809020996e+00
4.180000498294829114e+00 1.511225104331970215e+00
4.220000503063201513e+00 1.513024687767028809e+00
4.260000507831573024e+00 1.513924241065979004e+00
4.300000512599944535e+00 1.513632893562316895e+00
4.340000517368316935e+00 1.514654994010925293e+00
4.380000522136687557e+00 1.515784144401550293e+00
4.420000526905059068e+00 1.516352534294128418e+00
4.460000531673430579e+00 1.517366528511047363e+00
4.500000536441802979e+00 1.517571091651916504e+00
4.540000541210173601e+00 1.519560337066650391e+00
4.580000545978545112e+00 1.520623207092285156e+00
4.620000550746917511e+00 1.522483825683593750e+00
4.660000555515289022e+00 1.525316715240478516e+00
4.700000560283659645e+00 1.528290271759033203e+00
4.740000565052032044e+00 1.530533790588378906e+00
4.780000569820403555e+00 1.532888650894165039e+00
4.820000574588775066e+00 1.533627748489379883e+00
4.860000579357147465e+00 1.532986044883728027e+00
4.900000584125518088e+00 1.534477472305297852e+00
4.940000588893889599e+00 1.535424590110778809e+00
4.980000593662261110e+00 1.537305116653442383e+00
5.020000598430633509e+00 1.539291024208068848e+00
5.060000603199004132e+00 1.540407657623291016e+00
5.100000607967375643e+00 1.542218446731567383e+00
5.140000612735748042e+00 1.544435858726501465e+00
5.180000617504119553e+00 1.546141147613525391e+00
5.220000622272491064e+00 1.547212243080139160e+00
5.260000627040862575e+00 1.549902796745300293e+00
5.300000631809234086e+00 1.552029252052307129e+00
5.340000636577605597e+00 1.553260684013366699e+00
5.380000641345977108e+00 1.555282235145568848e+00
5.420000646114348619e+00 1.558099269866943359e+00
5.460000650882720130e+00 1.562041640281677246e+00
5.500000655651091641e+00 1.563426256179809570e+00
5.540000660419464040e+00 1.563722729682922363e+00
5.580000665187835551e+00 1.566092729568481445e+00
5.620000669956206174e+00 1.567447066307067871e+00
5.660000674724578573e+00 1.569661617279052734e+00
5.700000679492950084e+00 1.575873255729675293e+00
5.740000684261321595e+00 1.580036520957946777e+00
5.780000689029693106e+00 1.585003495216369629e+00
5.820000693798064617e+00 1.587907433509826660e+00
5.860000698566436128e+00 1.590342044830322266e+00
5.900000703334807639e+00 1.592626929283142090e+00
5.940000708103179150e+00 1.596445441246032715e+00
5.980000712871550661e+00 1.601444482803344727e+00
6.020000717639922172e+00 1.608407855033874512e+00
6.060000722408294571e+00 1.618721961975097656e+00
6.100000727176666082e+00 1.625177621841430664e+00
6.140000731945036705e+00 1.624783277511596680e+00
6.180000736713409104e+00 1.625578403472900391e+00
6.220000741481780615e+00 1.629128694534301758e+00
6.260000746250152126e+00 1.636561274528503418e+00
6.300000751018523637e+00 1.645890235900878906e+00
6.340000755786895148e+00 1.653648734092712402e+00
6.380000760555266659e+00 1.659719586372375488e+00
6.420000765323638170e+00 1.664113998413085938e+00
6.460000770092010569e+00 1.670529961585998535e+00
6.500000774860381192e+00 1.678535819053649902e+00
6.540000779628752703e+00 1.688364148139953613e+00
6.580000784397125102e+00 1.702850818634033203e+00
6.620000789165496613e+00 1.712280511856079102e+00
6.660000793933867236e+00 1.727374911308288574e+00
6.700000798702239635e+00 1.786189079284667969e+00
6.740000803470611146e+00 1.879473090171813965e+00
6.780000808238982657e+00 1.849560499191284180e+00
6.820000813007354168e+00 1.770957231521606445e+00
6.860000817775725679e+00 1.754849910736083984e+00
6.900000822544097190e+00 1.762856960296630859e+00
6.940000827312468701e+00 1.779916763305664062e+00
6.980000832080841100e+00 1.803909778594970703e+00
7.020000836849211723e+00 1.804659843444824219e+00
7.060000841617583234e+00 1.793084979057312012e+00
7.100000846385955633e+00 1.789745926856994629e+00
7.140000851154327144e+00 1.792677164077758789e+00
7.180000855922697767e+00 1.799649357795715332e+00
7.220000860691070166e+00 1.804240226745605469e+00
7.260000865459441677e+00 1.802999734878540039e+00
7.300000870227812300e+00 1.801040887832641602e+00
7.340000874996184699e+00 1.800924420356750488e+00
7.380000879764556210e+00 1.800608158111572266e+00
7.420000884532928609e+00 1.800439953804016113e+00
7.460000889301299232e+00 1.800663232803344727e+00
7.500000894069670743e+00 1.800632834434509277e+00
7.540000898838043142e+00 1.799584031105041504e+00
7.580000903606413765e+00 1.798736095428466797e+00
7.620000908374785276e+00 1.796862959861755371e+00
7.660000913143157675e+00 1.794717788696289062e+00
7.700000917911528298e+00 1.792736530303955078e+00
7.740000922679900697e+00 1.790258765220642090e+00
7.780000927448272208e+00 1.787116885185241699e+00
7.820000932216642830e+00 1.783176064491271973e+00
7.860000936985015230e+00 1.778998970985412598e+00
7.900000941753386741e+00 1.774536490440368652e+00
7.940000946521759140e+00 1.770359754562377930e+00
7.980000951290129763e+00 1.766444802284240723e+00
8.020000956058501274e+00 1.764016032218933105e+00
8.060000960826872785e+00 1.766193628311157227e+00
8.100000965595244296e+00 1.771808028221130371e+00
8.140000970363617583e+00 1.776440858840942383e+00
8.180000975131987317e+00 1.772733211517333984e+00
8.220000979900358828e+00 1.762126326560974121e+00
8.260000984668732116e+00 1.751642942428588867e+00
8.300000989437101850e+00 1.744137048721313477e+00
8.340000994205473361e+00 1.739506483078002930e+00
8.380000998973846649e+00 1.736573338508605957e+00
8.420001003742216383e+00 1.736887574195861816e+00
8.460001008510589671e+00 1.748077034950256348e+00
8.500001013278961182e+00 1.764582872390747070e+00
8.540001018047330916e+00 1.751403927803039551e+00
8.580001022815704204e+00 1.739389657974243164e+00
8.620001027584075715e+00 1.739303946495056152e+00
8.660001032352447226e+00 1.741803884506225586e+00
8.700001037120818737e+00 1.745189428329467773e+00
8.740001041889190248e+00 1.749026656150817871e+00
8.780001046657561758e+00 1.753965377807617188e+00
8.820001051425933269e+00 1.760353803634643555e+00
8.860001056194304780e+00 1.767156243324279785e+00
8.900001060962676291e+00 1.775713324546813965e+00
8.940001065731047802e+00 1.784783124923706055e+00
8.980001070499419313e+00 1.794729948043823242e+00
9.020001075267790824e+00 1.807335257530212402e+00
9.060001080036162335e+00 1.821448564529418945e+00
9.100001084804533846e+00 1.834838151931762695e+00
9.140001089572905357e+00 1.849930882453918457e+00
9.180001094341278645e+00 1.869133114814758301e+00
9.220001099109648379e+00 1.892756819725036621e+00
9.260001103878019890e+00 1.921937823295593262e+00
9.300001108646393178e+00 1.946887016296386719e+00
9.340001113414762912e+00 1.965564608573913574e+00
9.380001118183134423e+00 1.986663699150085449e+00
9.420001122951507710e+00 2.022326231002807617e+00
9.460001127719877445e+00 2.040218114852905273e+00
9.500001132488250732e+00 2.032520055770874023e+00
9.540001137256622243e+00 2.036163806915283203e+00
9.580001142024991978e+00 2.050883293151855469e+00
9.620001146793365265e+00 2.066140413284301758e+00
9.660001151561736776e+00 2.082146883010864258e+00
9.700001156330108287e+00 2.097820997238159180e+00
9.740001161098479798e+00 2.112932443618774414e+00
9.780001165866851309e+00 2.127869844436645508e+00
9.820001170635222820e+00 2.143350362777709961e+00
9.860001175403594331e+00 2.159455776214599609e+00
9.900001180171965842e+00 2.176306486129760742e+00
9.940001184940337353e+00 2.196365356445312500e+00
9.980001189708708864e+00 2.218749523162841797e+00
1.002000119447708038e+01 2.240780353546142578e+00
1.006000119924545189e+01 2.256062030792236328e+00
1.010000120401382340e+01 2.255947828292846680e+00
1.014000120878219491e+01 2.241453409194946289e+00
1.018000121355056642e+01 2.222028732299804688e+00
1.022000121831893971e+01 2.204032421112060547e+00
1.026000122308730944e+01 2.189029455184936523e+00
1.030000122785568095e+01 2.176070928573608398e+00
1.034000123262405424e+01 2.164365768432617188e+00
1.038000123739242397e+01 2.149479866027832031e+00
1.042000124216079726e+01 2.128903150558471680e+00
1.046000124692916877e+01 2.108213186264038086e+00
1.050000125169753851e+01 2.087120056152343750e+00
1.054000125646591179e+01 2.063760757446289062e+00
1.058000126123428331e+01 2.039530754089355469e+00
1.062000126600265304e+01 2.017215251922607422e+00
1.066000127077102633e+01 2.000462532043457031e+00
1.070000127553939784e+01 1.974798917770385742e+00
1.074000128030776935e+01 1.935415744781494141e+00
1.078000128507614086e+01 1.900927305221557617e+00
1.082000128984451237e+01 1.876473069190979004e+00
1.086000129461288388e+01 1.853304505348205566e+00
1.090000129938125539e+01 1.824944853782653809e+00
1.094000130414962690e+01 1.800791859626770020e+00
1.098000130891799841e+01 1.779778838157653809e+00
1.102000131368636993e+01 1.760097384452819824e+00
1.106000131845474144e+01 1.741148829460144043e+00
1.110000132322311295e+01 1.723086476325988770e+00
1.114000132799148624e+01 1.704990267753601074e+00
1.118000133275985597e+01 1.686821222305297852e+00
1.122000133752822748e+01 1.668606162071228027e+00
1.126000134229660077e+01 1.653898596763610840e+00
1.130000134706497050e+01 1.646977901458740234e+00
1.134000135183334201e+01 1.643474698066711426e+00
1.138000135660171530e+01 1.631509065628051758e+00
1.142000136137008504e+01 1.627248287200927734e+00
1.146000136613845832e+01 1.610628604888916016e+00
1.150000137090682983e+01 1.585192799568176270e+00
1.154000137567519957e+01 1.566202163696289062e+00
1.158000138044357286e+01 1.554425835609436035e+00
1.162000138521194437e+01 1.545233130455017090e+00
1.166000138998031588e+01 1.536954760551452637e+00
1.170000139474868739e+01 1.528668522834777832e+00
1.174000139951705890e+01 1.521049618721008301e+00
1.178000140428543041e+01 1.511420845985412598e+00
1.182000140905380192e+01 1.503976106643676758e+00
1.186000141382217166e+01 1.497206926345825195e+00
1.190000141859054494e+01 1.490455389022827148e+00
1.194000142335891645e+01 1.484638333320617676e+00
1.198000142812728797e+01 1.477740645408630371e+00
1.202000143289565948e+01 1.471622705459594727e+00
1.206000143766403099e+01 1.467028975486755371e+00
1.210000144243240250e+01 1.462915778160095215e+00
1.214000144720077401e+01 1.460126280784606934e+00
1.218000145196914730e+01 1.455684781074523926e+00
1.222000145673751703e+01 1.451443433761596680e+00
1.226000146150588854e+01 1.448128223419189453e+00
1.230000146627426183e+01 1.446150183677673340e+00
1.234000147104263156e+01 1.441710948944091797e+00
1.238000147581100308e+01 1.435840129852294922e+00
1.242000148057937636e+01 1.430957555770874023e+00
1.246000148534774610e+01 1.428599119186401367e+00
1.250000149011611938e+01 1.432183742523193359e+00
1.254000149488449090e+01 1.428660392761230469e+00
1.258000149965286063e+01 1.419096827507019043e+00
1.262000150442123392e+01 1.415106534957885742e+00
1.266000150918960543e+01 1.412066221237182617e+00
1.270000151395797694e+01 1.409861564636230469e+00
1.274000151872634845e+01 1.407796144485473633e+00
1.278000152349471819e+01 1.406697630882263184e+00
1.282000152826309147e+01 1.406598687171936035e+00
1.286000153303146298e+01 1.404320478439331055e+00
1.290000153779983449e+01 1.401460886001586914e+00
1.294000154256820601e+01 1.399728655815124512e+00
1.298000154733657752e+01 1.397926688194274902e+00
1.302000155210494903e+01 1.396829962730407715e+00
1.306000155687332054e+01 1.396801233291625977e+00
1.310000156164169205e+01 1.396686315536499023e+00
1.314000156641006356e+01 1.394353866577148438e+00
1.318000157117843507e+01 1.389713048934936523e+00
1.322000157594680836e+01 1.384703516960144043e+00
1.326000158071517809e+01 1.375986695289611816e+00
1.330000158548354960e+01 1.367642521858215332e+00
1.334000159025192289e+01 1.362109661102294922e+00
1.338000159502029263e+01 1.357590675354003906e+00
1.342000159978866591e+01 1.355090379714965820e+00
1.346000160455703742e+01 1.354571819305419922e+00
1.350000160932540716e+01 1.358018994331359863e+00
1.354000161409378045e+01 1.357019543647766113e+00
1.358000161886215018e+01 1.343283057212829590e+00
1.362000162363052169e+01 1.331133127212524414e+00
1.366000162839889498e+01 1.324813604354858398e+00
1.370000163316726471e+01 1.319313764572143555e+00
1.374000163793563800e+01 1.318650364875793457e+00
1.378000164270400951e+01 1.325127482414245605e+00
1.382000164747237925e+01 1.321649312973022461e+00
1.386000165224075253e+01 1.309350490570068359e+00
1.390000165700912405e+01 1.302517771720886230e+00
1.394000166177749556e+01 1.302468538284301758e+00
1.398000166654586707e+01 1.304224729537963867e+00
1.402000167131423858e+01 1.300507307052612305e+00
1.406000167608261009e+01 1.293040990829467773e+00
1.410000168085098160e+01 1.282655596733093262e+00
1.414000168561935489e+01 1.274531722068786621e+00
1.418000169038772462e+01 1.267756581306457520e+00
1.422000169515609613e+01 1.262330651283264160e+00
1.426000169992446942e+01 1.258017897605895996e+00
1.430000170469283916e+01 1.254627108573913574e+00
1.434000170946121244e+01 1.252114892005920410e+00
1.438000171422958395e+01 1.251727104187011719e+00
1.442000171899795724e+01 1.251261472702026367e+00
1.446000172376632875e+01 1.245592474937438965e+00
1.450000172853469849e+01 1.240554451942443848e+00
1.454000173330307000e+01 1.235765337944030762e+00
1.458000173807144151e+01 1.229189157485961914e+00
1.462000174283981480e+01 1.225102305412292480e+00
1.466000174760818631e+01 1.222778081893920898e+00
1.470000175237655782e+01 1.221587300300598145e+00
1.474000175714492755e+01 1.220798134803771973e+00
1.478000176191329906e+01 1.222049593925476074e+00
1.482000176668167413e+01 1.226566791534423828e+00
1.486000177145004386e+01 1.227731943130493164e+00
1.490000177621841537e+01 1.221255421638488770e+00
1.494000178098678688e+01 1.220278143882751465e+00
1.498000178575515662e+01 1.238661170005798340e+00
1.502000179052353168e+01 1.284783959388732910e+00
1.506000179529190142e+01 1.334633231163024902e+00
1.510000180006027293e+01 1.300957202911376953e+00
1.514000180482864444e+01 1.231294989585876465e+00
1.518000180959701595e+01 1.201487183570861816e+00
1.522000181436538568e+01 1.193620443344116211e+00
1.526000181913376075e+01 1.190909028053283691e+00
1.530000182390213048e+01 1.190332531929016113e+00
1.534000182867050199e+01 1.190363526344299316e+00
1.538000183343887350e+01 1.191445231437683105e+00
1.542000183820724324e+01 1.192374110221862793e+00
1.546000184297561830e+01 1.194328546524047852e+00
1.550000184774398981e+01 1.198614597320556641e+00
1.554000185251235955e+01 1.200782060623168945e+00
1.558000185728073106e+01 1.202110886573791504e+00
1.562000186204910257e+01 1.204451203346252441e+00
1.566000186681747586e+01 1.208084106445312500e+00
1.570000187158584737e+01 1.211965322494506836e+00
1.574000187635421888e+01 1.215829372406005859e+00
1.578000188112258861e+01 1.218932390213012695e+00
1.582000188589096012e+01 1.222594380378723145e+00
1.586000189065933341e+01 1.225355982780456543e+00
1.590000189542770492e+01 1.228663802146911621e+00
1.594000190019607643e+01 1.233106136322021484e+00
1.598000190496444795e+01 1.238437294960021973e+00
1.602000190973281946e+01 1.246498584747314453e+00
1.606000191450119274e+01 1.258049011230468750e+00
1.610000191926956248e+01 1.277216911315917969e+00
1.614000192403793577e+01 1.307991027832031250e+00
1.618000192880630550e+01 1.343474268913269043e+00
1.622000193357467523e+01 1.361319661140441895e+00
1.626000193834304852e+01 1.351850509643554688e+00
1.630000194311142181e+01 1.329033851623535156e+00
1.634000194787979154e+01 1.304784655570983887e+00
1.638000195264816483e+01 1.284073591232299805e+00
1.642000195741653457e+01 1.268571734428405762e+00
1.646000196218490430e+01 1.258607864379882812e+00
1.650000196695327759e+01 1.251597762107849121e+00
1.654000197172165088e+01 1.243638753890991211e+00
1.658000197649002061e+01 1.234822273254394531e+00
1.662000198125839390e+01 1.227535247802734375e+00
1.666000198602676363e+01 1.226209163665771484e+00
1.670000199079513692e+01 1.224607110023498535e+00
1.674000199556350665e+01 1.219698786735534668e+00
1.678000200033187994e+01 1.219303965568542480e+00
1.682000200510024968e+01 1.222974300384521484e+00
1.686000200986861941e+01 1.219231128692626953e+00
1.690000201463699625e+01 1.205359101295471191e+00
1.694000201940536598e+01 1.196345329284667969e+00
1.698000202417373572e+01 1.186717867851257324e+00
1.702000202894210901e+01 1.182379841804504395e+00
1.706000203371047874e+01 1.179930806159973145e+00
1.710000203847885203e+01 1.176760911941528320e+00
1.714000204324722532e+01 1.174556374549865723e+00
1.718000204801559505e+01 1.173915624618530273e+00
1.722000205278396479e+01 1.175449371337890625e+00
1.726000205755233807e+01 1.178392052650451660e+00
1.730000206232071136e+01 1.177912235260009766e+00
1.734000206708908109e+01 1.175172805786132812e+00
1.738000207185745438e+01 1.173693537712097168e+00
1.742000207662582412e+01 1.166201591491699219e+00
1.746000208139419385e+01 1.156823635101318359e+00
1.750000208616256714e+01 1.152108669281005859e+00
1.754000209093094043e+01 1.151857614517211914e+00
1.758000209569931016e+01 1.152193546295166016e+00
1.762000210046768345e+01 1.150397419929504395e+00
1.766000210523605318e+01 1.149958133697509766e+00
1.770000211000442292e+01 1.152350544929504395e+00
1.774000211477279976e+01 1.154984831809997559e+00
1.778000211954116949e+01 1.155655026435852051e+00
1.782000212430953923e+01 1.154769301414489746e+00
1.786000212907791251e+01 1.154883623123168945e+00
1.790000213384628225e+01 1.152302503585815430e+00
1.794000213861465554e+01 1.145786285400390625e+00
1.798000214338302882e+01 1.140023827552795410e+00
1.802000214815139856e+01 1.136497735977172852e+00
1.806000215291976829e+01 1.133781790733337402e+00
1.810000215768814158e+01 1.132179975509643555e+00
1.814000216245651487e+01 1.130472898483276367e+00
1.818000216722488460e+01 1.128934383392333984e+00
1.822000217199325789e+01 1.127437233924865723e+00
1.826000217676162762e+01 1.126658678054809570e+00
1.830000218152999736e+01 1.127090454101562500e+00
1.834000218629837065e+01 1.130244135856628418e+00
1.838000219106674393e+01 1.131559371948242188e+00
1.842000219583511367e+01 1.128305792808532715e+00
1.846000220060348340e+01 1.124931454658508301e+00
1.850000220537185669e+01 1.123144626617431641e+00
1.854000221014022998e+01 1.124464392662048340e+00
1.858000221490859971e+01 1.128020286560058594e+00
1.862000221967697300e+01 1.138428211212158203e+00
1.866000222444534273e+01 1.149629354476928711e+00
1.870000222921371247e+01 1.141633510589599609e+00
1.874000223398208576e+01 1.124605417251586914e+00
1.878000223875045904e+01 1.114031791687011719e+00
1.882000224351882878e+01 1.110937356948852539e+00
1.886000224828720206e+01 1.111531496047973633e+00
1.890000225305557180e+01 1.113955378532409668e+00
1.894000225782394153e+01 1.116265177726745605e+00
1.898000226259231837e+01 1.115186214447021484e+00
1.902000226736068811e+01 1.109989404678344727e+00
1.906000227212905784e+01 1.105377078056335449e+00
1.910000227689743113e+01 1.103180766105651855e+00
1.914000228166580087e+01 1.101624608039855957e+00
1.918000228643417415e+01 1.099772572517395020e+00
1.922000229120254744e+01 1.098107099533081055e+00
1.926000229597091717e+01 1.097347140312194824e+00
1.930000230073928691e+01 1.096508622169494629e+00
1.934000230550766020e+01 1.095053315162658691e+00
1.938000231027603348e+01 1.092005014419555664e+00
1.942000231504440322e+01 1.089987397193908691e+00
1.946000231981277651e+01 1.089562535285949707e+00
1.950000232458114624e+01 1.089347839355468750e+00
1.954000232934951597e+01 1.089367985725402832e+00
1.958000233411789281e+01 1.087941169738769531e+00
1.962000233888626255e+01 1.084833145141601562e+00
1.966000234365463228e+01 1.084716558456420898e+00
1.970000234842300557e+01 1.085592269897460938e+00
1.974000235319137531e+01 1.088654398918151855e+00
1.978000235795974859e+01 1.090518832206726074e+00
1.982000236272812188e+01 1.085335135459899902e+00
1.986000236749649162e+01 1.075140118598937988e+00
1.990000237226486135e+01 1.067647814750671387e+00
1.994000237703323464e+01 1.064038991928100586e+00
1.998000238180160437e+01 1.062119007110595703e+00
2.002000238656997766e+01 1.061577081680297852e+00
2.006000239133835095e+01 1.061991453170776367e+00
2.010000239610672068e+01 1.061771869659423828e+00
2.014000240087509042e+01 1.060460686683654785e+00
2.018000240564346370e+01 1.056324481964111328e+00
2.022000241041183699e+01 1.054235219955444336e+00
2.026000241518020673e+01 1.053365230560302734e+00
2.030000241994857646e+01 1.050975799560546875e+00
2.034000242471694975e+01 1.047494649887084961e+00
2.038000242948531948e+01 1.044576525688171387e+00
2.042000243425369277e+01 1.043078660964965820e+00
2.046000243902206606e+01 1.042542099952697754e+00
2.050000244379043579e+01 1.042715430259704590e+00
2.054000244855880553e+01 1.042544245719909668e+00
2.058000245332717881e+01 1.042821764945983887e+00
2.062000245809555210e+01 1.044593572616577148e+00
2.066000246286392183e+01 1.053968310356140137e+00
2.070000246763229512e+01 1.059786796569824219e+00
2.074000247240066486e+01 1.062423110008239746e+00
2.078000247716903459e+01 1.059617400169372559e+00
2.082000248193741143e+01 1.056530117988586426e+00
2.086000248670578117e+01 1.055301070213317871e+00
2.090000249147415090e+01 1.055399060249328613e+00
2.094000249624252419e+01 1.056059122085571289e+00
2.098000250101089392e+01 1.056457519531250000e+00
2.102000250577926721e+01 1.055446624755859375e+00
2.106000251054764050e+01 1.052569866180419922e+00
2.110000251531601023e+01 1.047621250152587891e+00
2.114000252008437997e+01 1.044257402420043945e+00
2.118000252485275325e+01 1.040025949478149414e+00
2.122000252962112299e+01 1.036318898200988770e+00
2.126000253438949628e+01 1.034269452095031738e+00
2.130000253915786956e+01 1.033591151237487793e+00
2.134000254392623930e+01 1.034958004951477051e+00
2.138000254869460903e+01 1.039116024971008301e+00
2.142000255346298232e+01 1.042258024215698242e+00
2.146000255823135561e+01 1.037268280982971191e+00
2.150000256299972534e+01 1.026047229766845703e+00
2.154000256776809863e+01 1.017490625381469727e+00
2.158000257253646836e+01 1.014933347702026367e+00
2.162000257730483810e+01 1.013238191604614258e+00
2.166000258207321494e+01 1.011409401893615723e+00
2.170000258684158467e+01 1.008982419967651367e+00
2.174000259160995441e+01 1.006085157394409180e+00
2.178000259637832769e+01 1.002641201019287109e+00
2.182000260114669743e+01 1.000043869018554688e+00
2.186000260591507072e+01 9.978947043418884277e-01
2.190000261068344400e+01 9.970208406448364258e-01
2.194000261545181374e+01 1.001096844673156738e+00
2.198000262022018347e+01 1.006346583366394043e+00
2.202000262498855676e+01 1.011014461517333984e+00
2.206000262975693005e+01 1.012764215469360352e+00
2.210000263452529978e+01 1.011785745620727539e+00
2.214000263929366952e+01 1.003528714179992676e+00
2.218000264406204280e+01 9.914481043815612793e-01
2.222000264883041254e+01 9.824271202087402344e-01
2.226000265359878583e+01 9.780744910240173340e-01
2.230000265836715911e+01 9.756605029106140137e-01
2.234000266313552885e+01 9.736638665199279785e-01
2.238000266790389858e+01 9.732655882835388184e-01
2.242000267267227187e+01 9.724842309951782227e-01
2.246000267744064161e+01 9.698492884635925293e-01
2.250000268220901489e+01 9.680693149566650391e-01
2.254000268697738818e+01 9.672653079032897949e-01
2.258000269174575791e+01 9.681842327117919922e-01
2.262000269651412765e+01 9.686083793640136719e-01
2.266000270128250094e+01 9.669725298881530762e-01
2.270000270605087422e+01 9.645354747772216797e-01
2.274000271081924396e+01 9.638870358467102051e-01
2.278000271558761725e+01 9.661778807640075684e-01
2.282000272035598698e+01 9.703078269958496094e-01
2.286000272512435672e+01 9.739999175071716309e-01
2.290000272989273356e+01 9.679169058799743652e-01
2.294000273466110329e+01 9.562121629714965820e-01
2.298000273942947302e+01 9.495017528533935547e-01
2.302000274419784631e+01 9.456922411918640137e-01
2.306000274896621605e+01 9.462022781372070312e-01
2.310000275373458933e+01 1.001528143882751465e+00
2.314000275850296262e+01 1.008583903312683105e+00
2.318000276327133236e+01 9.767314195632934570e-01
2.322000276803970209e+01 9.391389489173889160e-01
2.326000277280807538e+01 9.336335659027099609e-01
2.330000277757644866e+01 9.324389696121215820e-01
2.334000278234481840e+01 9.315389990806579590e-01
2.338000278711319169e+01 9.308653473854064941e-01
2.342000279188156142e+01 9.304518699645996094e-01
2.346000279664993116e+01 9.291095733642578125e-01
2.350000280141830800e+01 9.266009330749511719e-01
2.354000280618667773e+01 9.238181114196777344e-01
2.358000281095504747e+01 9.199958443641662598e-01
2.362000281572342075e+01 9.170074462890625000e-01
2.366000282049179049e+01 9.148955345153808594e-01
2.370000282526016022e+01 9.131474494934082031e-01
2.374000283002853706e+01 9.125986695289611816e-01
2.378000283479690680e+01 9.114909172058105469e-01
2.382000283956527653e+01 9.106553196907043457e-01
2.386000284433364982e+01 9.084163904190063477e-01
2.390000284910201955e+01 9.063507914543151855e-01
2.394000285387039284e+01 9.050101637840270996e-01
2.398000285863876258e+01 9.053037762641906738e-01
2.402000286340713586e+01 9.079448580741882324e-01
2.406000286817550560e+01 9.101368188858032227e-01
2.410000287294387888e+01 9.076559543609619141e-01
2.414000287771225217e+01 9.038000702857971191e-01
2.418000288248062191e+01 9.005306363105773926e-01
2.422000288724899164e+01 8.966483473777770996e-01
2.426000289201736493e+01 8.944411277770996094e-01
2.430000289678573466e+01 8.932101726531982422e-01
2.434000290155410795e+01 8.926839828491210938e-01
2.438000290632248124e+01 8.923664689064025879e-01
2.442000291109085097e+01 8.921560049057006836e-01
2.446000291585922071e+01 8.917525410652160645e-01
2.450000292062759399e+01 8.920093774795532227e-01
2.454000292539596728e+01 8.923013210296630859e-01
2.458000293016433702e+01 8.926114439964294434e-01
2.462000293493271030e+01 8.930737972259521484e-01
2.466000293970108004e+01 8.934226632118225098e-01
2.470000294446944977e+01 8.954483270645141602e-01
2.474000294923782306e+01 8.970588445663452148e-01
2.478000295400619635e+01 8.972200155258178711e-01
2.482000295877456608e+01 8.954818844795227051e-01
2.486000296354293937e+01 8.926489353179931641e-01
2.490000296831130910e+01 8.902876973152160645e-01
2.494000297307967884e+01 8.878506422042846680e-01
2.498000297784805568e+01 8.851198554039001465e-01
2.502000298261642541e+01 8.829591870307922363e-01
2.506000298738479515e+01 8.809908032417297363e-01
2.510000299215316844e+01 8.795434832572937012e-01
2.514000299692153817e+01 8.766154050827026367e-01
2.518000300168991146e+01 8.750788569450378418e-01
2.522000300645828474e+01 8.729164004325866699e-01
2.526000301122665448e+01 8.708797097206115723e-01
2.530000301599502421e+01 8.688949942588806152e-01
2.534000302076339750e+01 8.673990964889526367e-01
2.538000302553177079e+01 8.664253950119018555e-01
2.542000303030014052e+01 8.649540543556213379e-01
2.546000303506851381e+01 8.633439540863037109e-01
2.550000303983688354e+01 8.614575266838073730e-01
2.554000304460525328e+01 8.595913052558898926e-01
2.558000304937362657e+01 8.583199381828308105e-01
2.562000305414199985e+01 8.576953411102294922e-01
2.566000305891036959e+01 8.561813235282897949e-01
2.570000306367874288e+01 8.548941016197204590e-01
2.574000306844711261e+01 8.534687161445617676e-01
2.578000307321548590e+01 8.519898653030395508e-01
2.582000307798385563e+01 8.513095974922180176e-01
2.586000308275222892e+01 8.505687117576599121e-01
2.590000308752059865e+01 8.506060838699340820e-01
2.594000309228897194e+01 8.506453037261962891e-01
2.598000309705734168e+01 8.493141531944274902e-01
2.602000310182571496e+01 8.472419381141662598e-01
2.606000310659408470e+01 8.453539609909057617e-01
2.610000311136245799e+01 8.448622822761535645e-01
2.614000311613082772e+01 8.450238704681396484e-01
2.618000312089919746e+01 8.456228971481323242e-01
2.622000312566757430e+01 8.450589179992675781e-01
2.626000313043594403e+01 8.441920876502990723e-01
2.630000313520431376e+01 8.430881500244140625e-01
2.634000313997268705e+01 8.412911891937255859e-01
2.638000314474105679e+01 8.395549654960632324e-01
2.642000314950943007e+01 8.385463356971740723e-01
2.646000315427780336e+01 8.388861417770385742e-01
2.650000315904617310e+01 8.385459184646606445e-01
2.654000316381454283e+01 8.377404212951660156e-01
2.658000316858291612e+01 8.369616270065307617e-01
2.662000317335128940e+01 8.362879157066345215e-01
2.666000317811965914e+01 8.360646963119506836e-01
2.670000318288803243e+01 8.352035284042358398e-01
2.674000318765640216e+01 8.338302969932556152e-01
2.678000319242477190e+01 8.329502940177917480e-01
2.682000319719314874e+01 8.325384855270385742e-01
2.686000320196151847e+01 8.333737850189208984e-01
2.690000320672988821e+01 8.336706161499023438e-01
2.694000321149826149e+01 8.323113322257995605e-01
2.698000321626663123e+01 8.310482501983642578e-01
2.702000322103500451e+01 8.296997547149658203e-01
2.706000322580337780e+01 8.293378949165344238e-01
2.710000323057174754e+01 8.286800980567932129e-01
2.714000323534011727e+01 8.286359906196594238e-01
2.718000324010849056e+01 8.274760842323303223e-01
2.722000324487686029e+01 8.263061046600341797e-01
2.726000324964523358e+01 8.259789347648620605e-01
2.730000325441360687e+01 8.268225789070129395e-01
2.734000325918197660e+01 8.275421857833862305e-01
2.738000326395034634e+01 8.273370862007141113e-01
2.742000326871871962e+01 8.263639807701110840e-01
2.746000327348709291e+01 8.256056308746337891e-01
2.750000327825546265e+01 8.256902098655700684e-01
2.754000328302383593e+01 8.253194689750671387e-01
2.758000328779220567e+01 8.240671753883361816e-01
2.762000329256057540e+01 8.238541483879089355e-01
2.766000329732894869e+01 8.238426446914672852e-01
2.770000330209732198e+01 8.257722854614257812e-01
2.774000330686569171e+01 8.267841339111328125e-01
2.778000331163406145e+01 8.259701132774353027e-01
2.782000331640243473e+01 8.252358436584472656e-01
2.786000332117080802e+01 8.244058489799499512e-01
2.790000332593917776e+01 8.248351216316223145e-01
2.794000333070755104e+01 8.257877826690673828e-01
2.798000333547592078e+01 8.269153237342834473e-01
2.802000334024429051e+01 8.277776241302490234e-01
2.806000334501266735e+01 8.286449909210205078e-01
2.810000334978103709e+01 8.287217020988464355e-01
2.814000335454940682e+01 8.279323577880859375e-01
2.818000335931778011e+01 8.256404995918273926e-01
2.822000336408614984e+01 8.232616186141967773e-01
2.826000336885452313e+01 8.223093152046203613e-01
2.830000337362289642e+01 8.219494223594665527e-01
2.834000337839126615e+01 8.220649361610412598e-01
2.838000338315963589e+01 8.217725157737731934e-01
2.842000338792800918e+01 8.209000229835510254e-01
2.846000339269637891e+01 8.192467093467712402e-01
2.850000339746475220e+01 8.179329037666320801e-01
2.854000340223312548e+01 8.180986642837524414e-01
2.858000340700149522e+01 8.195235133171081543e-01
2.862000341176986495e+01 8.192885518074035645e-01
2.866000341653823824e+01 8.166134357452392578e-01
2.870000342130661153e+01 8.174785971641540527e-01
2.874000342607497771e+01 8.175657391548156738e-01
2.878000343084335455e+01 8.166183829307556152e-01
2.882000343561172784e+01 8.157171607017517090e-01
2.886000344038009402e+01 8.150007724761962891e-01
2.890000344514847086e+01 8.153994083404541016e-01
2.894000344991683704e+01 8.150526285171508789e-01
2.898000345468521033e+01 8.148793578147888184e-01
2.902000345945358717e+01 8.150407671928405762e-01
2.906000346422195335e+01 8.154355883598327637e-01
2.910000346899032664e+01 8.153671622276306152e-01
2.914000347375869637e+01 8.154079914093017578e-01
2.918000347852706966e+01 8.153772950172424316e-01
2.922000348329544295e+01 8.151593804359436035e-01
2.926000348806381268e+01 8.155460357666015625e-01
2.930000349283218597e+01 8.172333836555480957e-01
2.934000349760055215e+01 8.194532394409179688e-01
2.938000350236892899e+01 8.200126886367797852e-01
2.942000350713730228e+01 8.179376721382141113e-01
2.946000351190566846e+01 8.168981671333312988e-01
2.950000351667404175e+01 8.159415721893310547e-01
2.954000352144241148e+01 8.156331777572631836e-01
2.958000352621078477e+01 8.157617449760437012e-01
2.962000353097915806e+01 8.163652420043945312e-01
2.966000353574752779e+01 8.169410824775695801e-01
2.970000354051590108e+01 8.169037103652954102e-01
2.974000354528427081e+01 8.170309066772460938e-01
2.978000355005264410e+01 8.173505067825317383e-01
2.982000355482101739e+01 8.187909126281738281e-01
2.986000355958938357e+01 8.166422843933105469e-01
2.990000356435776041e+01 8.168089985847473145e-01
2.994000356912612659e+01 8.184778094291687012e-01
2.998000357389449988e+01 8.198317885398864746e-01
3.002000357866287672e+01 8.218812942504882812e-01
3.006000358343124290e+01 8.231891393661499023e-01
3.010000358819961619e+01 8.241088986396789551e-01
3.014000359296798592e+01 8.250051736831665039e-01
3.018000359773635921e+01 8.261963725090026855e-01
3.022000360250472539e+01 8.274556398391723633e-01
3.026000360727310223e+01 8.296702504158020020e-01
3.030000361204147552e+01 8.316535353660583496e-01
3.034000361680984170e+01 8.338334560394287109e-01
3.038000362157821854e+01 8.348663449287414551e-01
3.042000362634658472e+01 8.346915245056152344e-01
3.046000363111495801e+01 8.338282704353332520e-01
3.050000363588333485e+01 8.327884078025817871e-01
3.054000364065170103e+01 8.323937058448791504e-01
3.058000364542007432e+01 8.329247236251831055e-01
3.062000365018844406e+01 8.332663774490356445e-01
3.066000365495681734e+01 8.334597349166870117e-01
3.070000365972519063e+01 8.335523605346679688e-01
3.074000366449356036e+01 8.343441486358642578e-01
3.078000366926193365e+01 8.351282477378845215e-01
3.082000367403029983e+01 8.351706862449645996e-01
3.086000367879867667e+01 8.345839381217956543e-01
3.090000368356704996e+01 8.347108364105224609e-01
3.094000368833541614e+01 8.346298933029174805e-01
3.098000369310379298e+01 8.352342844009399414e-01
3.102000369787215917e+01 8.358491063117980957e-01
3.106000370264053245e+01 8.360134959220886230e-01
3.110000370740890574e+01 8.370735049247741699e-01
3.114000371217727547e+01 8.374776840209960938e-01
3.118000371694564876e+01 8.380207419395446777e-01
3.122000372171401850e+01 8.384955525398254395e-01
3.126000372648239178e+01 8.390410542488098145e-01
3.130000373125076507e+01 8.401014208793640137e-01
3.134000373601913481e+01 8.411133289337158203e-01
3.138000374078750809e+01 8.420907258987426758e-01
3.142000374555587427e+01 8.435820341110229492e-01
3.146000375032424756e+01 8.439404964447021484e-01
3.150000375509262440e+01 8.452938199043273926e-01
3.154000375986099058e+01 8.461102843284606934e-01
3.158000376462936387e+01 8.465614318847656250e-01
3.162000376939773361e+01 8.472446203231811523e-01
3.166000377416610689e+01 8.480671048164367676e-01
3.170000377893448018e+01 8.487906455993652344e-01
3.174000378370284992e+01 8.490371704101562500e-01
3.178000378847122320e+01 8.499968051910400391e-01
3.182000379323958938e+01 8.508214950561523438e-01
3.186000379800796622e+01 8.516870737075805664e-01
3.190000380277633951e+01 8.531755208969116211e-01
3.194000380754470569e+01 8.537197113037109375e-01
3.198000381231308253e+01 8.544227480888366699e-01
3.202000381708145227e+01 8.549122214317321777e-01
3.206000382184982556e+01 8.560499548912048340e-01
3.210000382661819884e+01 8.560844063758850098e-01
3.214000383138656503e+01 8.558788299560546875e-01
3.218000383615493831e+01 8.559539318084716797e-01
3.222000384092330449e+01 8.564852476119995117e-01
3.226000384569167778e+01 8.570675849914550781e-01
3.230000385046005817e+01 8.578696846961975098e-01
3.234000385522842436e+01 8.590340018272399902e-01
3.238000385999679764e+01 8.596208691596984863e-01
3.242000386476516383e+01 8.603002429008483887e-01
3.246000386953353711e+01 8.621588349342346191e-01
3.250000387430191040e+01 8.637786507606506348e-01
3.254000387907028369e+01 8.651758432388305664e-01
3.258000388383865698e+01 8.660573363304138184e-01
3.262000388860702316e+01 8.674557805061340332e-01
3.266000389337539644e+01 8.684200644493103027e-01
3.270000389814376263e+01 8.695803880691528320e-01
3.274000390291213591e+01 8.705564141273498535e-01
3.278000390768051631e+01 8.726690411567687988e-01
3.282000391244888249e+01 8.750424385070800781e-01
3.286000391721725578e+01 8.744454383850097656e-01
3.290000392198562196e+01 8.774654269218444824e-01
3.294000392675399524e+01 8.737861514091491699e-01
3.298000393152236853e+01 8.691793680191040039e-01
3.302000393629074182e+01 8.679366707801818848e-01
3.306000394105911511e+01 8.682391643524169922e-01
3.310000394582748129e+01 8.677732944488525391e-01
3.314000395059585458e+01 8.685854673385620117e-01
3.318000395536422786e+01 8.685045838356018066e-01
3.322000396013259405e+01 8.685483336448669434e-01
3.326000396490097444e+01 8.689077496528625488e-01
3.330000396966934062e+01 8.695743680000305176e-01
3.334000397443771391e+01 8.701378703117370605e-01
3.338000397920608719e+01 8.700687885284423828e-01
3.342000398397445338e+01 8.704231381416320801e-01
3.346000398874282666e+01 8.707982301712036133e-01
3.350000399351119995e+01 8.707597851753234863e-01
3.354000399827957324e+01 8.710245490074157715e-01
3.358000400304794653e+01 8.713232874870300293e-01
3.362000400781631271e+01 8.714665770530700684e-01
3.366000401258468600e+01 8.712834715843200684e-01
3.370000401735305218e+01 8.710272312164306641e-01
3.374000402212143257e+01 8.714403510093688965e-01
3.378000402688980586e+01 8.712766766548156738e-01
3.382000403165817204e+01 8.719640970230102539e-01
3.386000403642654533e+01 8.721581697463989258e-01
3.390000404119491151e+01 8.741469383239746094e-01
3.394000404596328480e+01 8.807558417320251465e-01
3.398000405073165808e+01 8.918500542640686035e-01
3.402000405550003137e+01 8.853343129158020020e-01
3.406000406026840466e+01 8.800598978996276855e-01
3.410000406503677084e+01 8.793265819549560547e-01
3.414000406980514413e+01 8.801230788230895996e-01
3.418000407457351741e+01 8.812462687492370605e-01
3.422000407934189070e+01 8.806712627410888672e-01
3.426000408411026399e+01 8.800655603408813477e-01
3.430000408887863017e+01 8.792738914489746094e-01
3.434000409364700346e+01 8.794606328010559082e-01
3.438000409841537675e+01 8.789598941802978516e-01
3.442000410318374293e+01 8.787411451339721680e-01
3.446000410795211621e+01 8.784382343292236328e-01
3.450000411272048950e+01 8.789365291595458984e-01
3.454000411748886279e+01 8.780654668807983398e-01
3.458000412225723608e+01 8.782250285148620605e-01
3.462000412702560226e+01 8.787199258804321289e-01
3.466000413179397555e+01 8.782708048820495605e-01
3.470000413656234173e+01 8.777685165405273438e-01
3.474000414133072212e+01 8.781318068504333496e-01
3.478000414609909541e+01 8.785274028778076172e-01
3.482000415086746159e+01 8.786132931709289551e-01
3.486000415563583488e+01 8.789061307907104492e-01
3.490000416040420106e+01 8.797173500061035156e-01
3.494000416517257435e+01 8.794990777969360352e-01
3.498000416994094763e+01 8.803189396858215332e-01
3.502000417470932092e+01 8.804448843002319336e-01
3.506000417947769421e+01 8.807659745216369629e-01
3.510000418424606039e+01 8.812134265899658203e-01
3.514000418901443368e+01 8.820500969886779785e-01
3.518000419378279986e+01 8.811812996864318848e-01
3.522000419855118025e+01 8.818019628524780273e-01
3.526000420331955354e+01 8.817150592803955078e-01
3.530000420808791972e+01 8.821673393249511719e-01
3.534000421285629301e+01 8.823693394660949707e-01
3.538000421762465919e+01 8.829996585845947266e-01
3.542000422239303248e+01 8.844969868659973145e-01
3.546000422716141287e+01 8.848055601119995117e-01
3.550000423192977905e+01 8.860380053520202637e-01
3.554000423669815234e+01 8.871365785598754883e-01
3.558000424146651852e+01 8.874096274375915527e-01
3.562000424623489181e+01 8.869320154190063477e-01
3.566000425100326510e+01 8.860435485839843750e-01
3.570000425577163838e+01 8.846455812454223633e-01
3.574000426054001167e+01 8.854415416717529297e-01
3.578000426530837785e+01 8.858560919761657715e-01
3.582000427007675114e+01 8.864022493362426758e-01
3.586000427484512443e+01 8.878329992294311523e-01
3.590000427961349061e+01 8.966494798660278320e-01
3.594000428438186390e+01 9.237820506095886230e-01
3.598000428915023718e+01 8.873396515846252441e-01
3.602000429391861047e+01 8.870549201965332031e-01
3.606000429868698376e+01 8.864063024520874023e-01
3.610000430345534994e+01 8.868536353111267090e-01
3.614000430822372323e+01 8.868274688720703125e-01
3.618000431299209652e+01 8.881101012229919434e-01
3.622000431776046980e+01 8.878354430198669434e-01
3.626000432252884309e+01 8.872454166412353516e-01
3.630000432729720927e+01 8.860402107238769531e-01
3.634000433206558256e+01 8.844989538192749023e-01
3.638000433683394874e+01 8.839402198791503906e-01
3.642000434160232203e+01 8.837310671806335449e-01
3.646000434637070242e+01 8.845364451408386230e-01
3.650000435113906860e+01 8.842453956604003906e-01
3.654000435590744189e+01 8.848987817764282227e-01
3.658000436067580807e+01 8.847333192825317383e-01
3.662000436544418136e+01 8.844136595726013184e-01
3.666000437021255465e+01 8.842228055000305176e-01
3.670000437498092793e+01 8.843763470649719238e-01
3.674000437974930122e+01 8.850463628768920898e-01
3.678000438451766740e+01 8.860509991645812988e-01
3.682000438928604069e+01 8.866602778434753418e-01
3.686000439405441398e+01 8.863312602043151855e-01
3.690000439882278016e+01 8.871626257896423340e-01
3.694000440359116055e+01 8.878608345985412598e-01
3.698000440835952674e+01 8.861899971961975098e-01
3.702000441312790002e+01 8.852569460868835449e-01
3.706000441789627331e+01 8.850025534629821777e-01
3.710000442266463949e+01 8.850363492965698242e-01
3.714000442743301278e+01 8.855280280113220215e-01
3.718000443220138607e+01 8.851824998855590820e-01
3.722000443696975935e+01 8.857608437538146973e-01
3.726000444173813264e+01 8.858729004859924316e-01
3.730000444650649882e+01 8.862612247467041016e-01
3.734000445127487211e+01 8.863373398780822754e-01
3.738000445604323829e+01 8.868271708488464355e-01
3.742000446081161869e+01 8.864797353744506836e-01
3.746000446557998487e+01 8.874409794807434082e-01
3.750000447034835815e+01 8.869470953941345215e-01
3.754000447511673144e+01 8.884689807891845703e-01
3.758000447988509762e+01 8.884189128875732422e-01
3.762000448465347091e+01 8.884506225585937500e-01
3.766000448942184420e+01 8.882610201835632324e-01
3.770000449419021749e+01 8.880388736724853516e-01
3.774000449895859077e+01 8.883704543113708496e-01
3.778000450372695695e+01 8.873236179351806641e-01
3.782000450849533024e+01 8.867176771163940430e-01
3.786000451326369642e+01 8.875885605812072754e-01
3.790000451803207682e+01 8.872241377830505371e-01
3.794000452280045010e+01 8.871508240699768066e-01
3.798000452756881629e+01 8.886620998382568359e-01
3.802000453233718957e+01 8.880560994148254395e-01
3.806000453710555576e+01 8.872301578521728516e-01
3.810000454187392904e+01 8.869114518165588379e-01
3.814000454664230233e+01 8.860783576965332031e-01
3.818000455141067562e+01 8.840472698211669922e-01
3.822000455617904890e+01 8.854386806488037109e-01
3.826000456094741509e+01 8.850936889648437500e-01
3.830000456571578837e+01 8.845992088317871094e-01
3.834000457048416166e+01 8.836454153060913086e-01
3.838000457525252784e+01 8.848789334297180176e-01
3.842000458002090824e+01 8.853060007095336914e-01
3.846000458478927442e+01 8.838910460472106934e-01
3.850000458955764771e+01 8.837588429450988770e-01
3.854000459432602099e+01 8.839669823646545410e-01
3.858000459909438717e+01 8.833397626876831055e-01
3.862000460386276046e+01 8.831440210342407227e-01
3.866000460863113375e+01 8.826995491981506348e-01
3.870000461339950704e+01 8.828301429748535156e-01
3.874000461816788032e+01 8.833710551261901855e-01
3.878000462293624651e+01 8.833862543106079102e-01
3.882000462770461979e+01 8.827360868453979492e-01
3.886000463247298597e+01 8.826648592948913574e-01
3.890000463724136637e+01 8.832610249519348145e-01
3.894000464200973965e+01 8.819018602371215820e-01
3.898000464677810584e+01 8.807818293571472168e-01
3.902000465154647912e+01 8.787129521369934082e-01
3.906000465631484531e+01 8.789599537849426270e-01
3.910000466108321859e+01 8.790616989135742188e-01
3.914000466585159899e+01 8.784902095794677734e-01
3.918000467061996517e+01 8.773305416107177734e-01
3.922000467538833846e+01 8.759227395057678223e-01
3.926000468015670464e+01 8.795620799064636230e-01
3.930000468492507792e+01 8.841398954391479492e-01
3.934000468969345121e+01 8.800380229949951172e-01
3.938000469446182450e+01 8.758366107940673828e-01
3.942000469923019779e+01 8.744825720787048340e-01
3.946000470399856397e+01 8.748021721839904785e-01
3.950000470876693726e+01 8.727332353591918945e-01
3.954000471353531054e+01 8.712121844291687012e-01
3.958000471830367673e+01 8.712139129638671875e-01
3.962000472307205001e+01 8.711151480674743652e-01
3.966000472784042330e+01 8.700124025344848633e-01
3.970000473260879659e+01 8.698699474334716797e-01
3.974000473737716987e+01 8.697504401206970215e-01
3.978000474214553606e+01 8.694962859153747559e-01
3.982000474691390934e+01 8.679546713829040527e-01
3.986000475168228263e+01 8.662899732589721680e-01
3.990000475645065592e+01 8.668364286422729492e-01
3.994000476121902210e+01 8.670785427093505859e-01
3.998000476598739539e+01 8.663001656532287598e-01
4.002000477075576867e+01 8.674649596214294434e-01
4.006000477552413486e+01 8.652341961860656738e-01
4.010000478029250814e+01 8.647188544273376465e-01
4.014000478506088143e+01 8.640082478523254395e-01
4.018000478982925472e+01 8.634609580039978027e-01
4.022000479459762801e+01 8.608850836753845215e-01
4.026000479936599419e+01 8.592764139175415039e-01
4.030000480413436748e+01 8.584434986114501953e-01
4.034000480890273366e+01 8.584345579147338867e-01
4.038000481367111405e+01 8.580584526062011719e-01
4.042000481843948734e+01 8.560179471969604492e-01
4.046000482320785352e+01 8.543608784675598145e-01
4.050000482797622681e+01 8.535627126693725586e-01
4.054000483274459299e+01 8.541152477264404297e-01
4.058000483751296628e+01 8.525362610816955566e-01
4.062000484228134667e+01 8.513938188552856445e-01
4.066000484704971285e+01 8.501344919204711914e-01
4.070000485181808614e+01 8.476535677909851074e-01
4.074000485658645232e+01 8.456356525421142578e-01
4.078000486135482561e+01 8.457075357437133789e-01
4.082000486612319889e+01 8.441002964973449707e-01
4.086000487089157218e+01 8.442161679267883301e-01
4.090000487565994547e+01 8.428441286087036133e-01
4.094000488042831165e+01 8.377197980880737305e-01
4.098000488519668494e+01 8.258894085884094238e-01
4.102000488996505823e+01 8.227579593658447266e-01
4.106000489473342441e+01 8.227912783622741699e-01
4.110000489950180480e+01 8.228541612625122070e-01
4.114000490427017098e+01 8.231487274169921875e-01
4.118000490903854427e+01 8.225936889648437500e-01
4.122000491380691756e+01 8.235244750976562500e-01
4.126000491857528374e+01 8.228839039802551270e-01
4.130000492334365703e+01 8.220652937889099121e-01
4.134000492811203031e+01 8.250656127929687500e-01
4.138000493288040360e+01 8.242309689521789551e-01
4.142000493764877689e+01 8.238123655319213867e-01
4.146000494241714307e+01 8.271476626396179199e-01
4.150000494718551636e+01 8.203475475311279297e-01
4.154000495195388254e+01 8.202240467071533203e-01
4.158000495672225583e+01 8.212630748748779297e-01
4.162000496149063622e+01 8.205421566963195801e-01
4.166000496625900240e+01 8.193581104278564453e-01
4.170000497102737569e+01 8.193558454513549805e-01
4.174000497579574187e+01 8.192414045333862305e-01
4.178000498056411516e+01 8.193356990814208984e-01
4.182000498533248845e+01 8.197827935218811035e-01
4.186000499010086173e+01 8.193972110748291016e-01
4.190000499486923502e+01 8.191784620285034180e-01
4.194000499963760120e+01 8.196811676025390625e-01
4.198000500440597449e+01 8.202158212661743164e-01
