Run_Number Row Col Index r_wp gof perc1 perc2  ca2
    0.00000     0.00000    13.00000    13.00000     1.34102     0.10898    67.89429    32.10571     0.50317
    1.00000     0.00000    16.00000    16.00000     1.01633     0.07920    63.59233    36.40767     0.50856
    2.00000     3.00000    20.00000   140.00000     0.69676     0.05684    70.88942    29.11058     0.43008
    3.00000     4.00000    18.00000   178.00000     2.75981     0.21920    71.08340    28.91660     0.59100
    4.00000     4.00000    21.00000   181.00000     0.70121     0.05957    74.81448    25.18552     0.40829
    5.00000     5.00000    34.00000   234.00000     1.06914     0.09367    73.54331    26.45669     0.42345
    6.00000     6.00000    34.00000   274.00000     0.86470     0.07678    73.23541    26.76459     0.43803
    7.00000     7.00000    16.00000   296.00000     0.70948     0.05729    67.61415    32.38585     0.54526
    8.00000     8.00000     4.00000   324.00000     0.78752     0.06612    71.70262    28.29738     0.50602
    9.00000     8.00000    24.00000   344.00000     1.04017     0.09282    79.38495    20.61505     0.38615
   10.00000     8.00000    26.00000   346.00000     0.79932     0.07032    76.63945    23.36055     0.39262
   11.00000     9.00000    32.00000   392.00000     0.83005     0.07487    74.22228    25.77772     0.40750
   12.00000     9.00000    37.00000   397.00000     0.69546     0.06150    74.28041    25.71959     0.44705
   13.00000    11.00000     4.00000   444.00000     1.32856     0.11062    71.12511    28.87489     0.52668
   14.00000    13.00000    23.00000   543.00000     0.84139     0.07380    74.99198    25.00802     0.39338
   15.00000    14.00000    37.00000   597.00000     1.05741     0.09092    76.28165    23.71835     0.43510
   16.00000    16.00000    13.00000   653.00000     0.80172     0.06550    69.70618    30.29382     0.54357
   17.00000    18.00000     2.00000   722.00000     0.62571     0.05081    66.94255    33.05745     0.52341
   18.00000    22.00000    18.00000   898.00000     0.69355     0.05923    66.95752    33.04248     0.53878
   19.00000    24.00000     7.00000   967.00000     0.66024     0.05856    71.39307    28.60693     0.46649
   20.00000    24.00000    24.00000   984.00000     1.04125     0.10090    76.85947    23.14053     0.39521
   21.00000    25.00000    39.00000  1039.00000     0.86299     0.08048    76.71331    23.28669     0.39111
   22.00000    26.00000     9.00000  1049.00000     0.95186     0.08874    76.15889    23.84111     0.47054
   23.00000    28.00000    30.00000  1150.00000     0.98181     0.09461    77.67760    22.32240     0.40101
   24.00000    29.00000    11.00000  1171.00000     0.73974     0.06995    76.93208    23.06792     0.46421
   25.00000    29.00000    28.00000  1188.00000     0.91986     0.09000    77.07042    22.92958     0.40225
   26.00000    29.00000    38.00000  1198.00000     0.97223     0.09327    78.32977    21.67023     0.40030
   27.00000    30.00000     3.00000  1203.00000     0.86619     0.07936    75.86285    24.13715     0.44749
   28.00000    30.00000    17.00000  1217.00000     0.80680     0.07474    78.00397    21.99603     0.43026
   29.00000    30.00000    19.00000  1219.00000     0.73205     0.06496    75.45859    24.54141     0.44060
   30.00000    31.00000    18.00000  1258.00000     0.76476     0.06951    79.45782    20.54218     0.42385
   31.00000    33.00000    38.00000  1358.00000     2.05228     0.19939    76.82082    23.17918     0.42241
   32.00000    35.00000    18.00000  1418.00000     0.64928     0.05803    78.71413    21.28587     0.43895
   33.00000    36.00000     8.00000  1448.00000     0.71169     0.06417    75.61993    24.38007     0.45786
   34.00000    36.00000    10.00000  1450.00000     1.12430     0.10186    76.89325    23.10675     0.46556
   35.00000    38.00000     8.00000  1528.00000     0.75725     0.06881    78.95461    21.04539     0.42341
   36.00000    41.00000     7.00000  1647.00000     0.76837     0.06784    78.78523    21.21477     0.44839
   37.00000    41.00000    19.00000  1659.00000     0.62906     0.05469    77.68960    22.31040     0.44618
   38.00000    41.00000    31.00000  1671.00000     0.91070     0.08667    81.71850    18.28150     0.36606
   39.00000    43.00000     5.00000  1725.00000     0.70515     0.06316    78.54465    21.45535     0.42709
   40.00000    43.00000    25.00000  1745.00000     0.79058     0.07357    79.61984    20.38016     0.41407
   41.00000    43.00000    29.00000  1749.00000     0.99562     0.09538    82.00454    17.99546     0.36126
   42.00000    44.00000    34.00000  1794.00000     0.99355     0.09379    82.74338    17.25662     0.35822
   43.00000    44.00000    39.00000  1799.00000     0.97365     0.09275    81.68047    18.31953     0.34706
   44.00000    47.00000    35.00000  1915.00000     1.03656     0.10037    81.94069    18.05931     0.36565
   45.00000    49.00000    32.00000  1992.00000     1.12167     0.10803    80.15559    19.84441     0.38828
   46.00000    50.00000    29.00000  2029.00000     1.05648     0.10046    81.49515    18.50485     0.36646
   47.00000    52.00000    14.00000  2094.00000     0.77065     0.06956    77.48284    22.51716     0.42345
   48.00000    53.00000    19.00000  2139.00000     0.69128     0.06132    82.03759    17.96241     0.42742
   49.00000    55.00000    11.00000  2211.00000     0.81340     0.07393    76.99100    23.00900     0.43321
   50.00000    55.00000    13.00000  2213.00000     0.83508     0.07679    75.11208    24.88792     0.43932
   51.00000    56.00000     6.00000  2246.00000     0.87303     0.08016    79.30268    20.69732     0.43169
   52.00000    56.00000    11.00000  2251.00000     0.73885     0.06677    77.79126    22.20874     0.44176
   53.00000    56.00000    21.00000  2261.00000     0.70480     0.06208    80.82053    19.17947     0.42647
   54.00000    56.00000    28.00000  2268.00000     1.01071     0.09632    83.84941    16.15059     0.35169
   55.00000    57.00000    18.00000  2298.00000     0.79866     0.07239    80.34977    19.65023     0.41128
   56.00000    58.00000     3.00000  2323.00000     0.93738     0.08947    78.63130    21.36870     0.40661
   57.00000    59.00000    39.00000  2399.00000     1.08829     0.11096    82.67205    17.32795     0.35260
   58.00000    60.00000    14.00000  2414.00000     0.96744     0.09279    81.70373    18.29627     0.42095
   59.00000    60.00000    26.00000  2426.00000     1.67741     0.16232    82.78996    17.21004     0.39845
   60.00000    60.00000    34.00000  2434.00000     1.09487     0.10946    81.55854    18.44146     0.35999
   61.00000    61.00000    38.00000  2478.00000     1.09122     0.11035    82.74258    17.25742     0.37077
   62.00000    62.00000    28.00000  2508.00000     1.42135     0.14146    80.68089    19.31911     0.37533
   63.00000    62.00000    35.00000  2515.00000     1.04839     0.10563    82.57578    17.42422     0.36395
   64.00000    63.00000    21.00000  2541.00000     0.84109     0.07649    84.47241    15.52759     0.39932
   65.00000    63.00000    37.00000  2557.00000     1.00689     0.10081    83.53254    16.46746     0.35882
   66.00000    64.00000    19.00000  2579.00000     1.40631     0.13384    83.32719    16.67281     0.35249
   67.00000    65.00000    38.00000  2638.00000     1.01609     0.10257    79.99491    20.00509     0.38123
   68.00000    66.00000     7.00000  2647.00000     1.01572     0.09560    79.83566    20.16434     0.43023
   69.00000    68.00000    30.00000  2750.00000     1.04836     0.10583    83.66349    16.33651     0.36135
   70.00000    69.00000     6.00000  2766.00000     1.03350     0.09753    79.90327    20.09673     0.43073
   71.00000    69.00000    29.00000  2789.00000     1.03786     0.10673    83.25664    16.74336     0.37516
   72.00000    73.00000     8.00000  2928.00000     0.82012     0.07389    82.89393    17.10607     0.41447
   73.00000    73.00000    37.00000  2957.00000     1.03652     0.10121    83.80957    16.19043     0.36849
   74.00000    76.00000    13.00000  3053.00000     3.82812     0.32723    81.58551    18.41449     0.43293
   75.00000    78.00000    11.00000  3131.00000     0.79972     0.06735    79.39882    20.60118     0.49270
   76.00000    79.00000    19.00000  3179.00000     1.20130     0.10001    75.57745    24.42255     0.52698
   77.00000    79.00000    32.00000  3192.00000     1.27442     0.12115    81.61011    18.38989     0.39890
   78.00000    82.00000    12.00000  3292.00000     0.68774     0.05068    63.59196    36.40804     0.56981
   79.00000    83.00000     9.00000  3329.00000     0.60595     0.04518    62.96333    37.03667     0.56849
   80.00000    85.00000     9.00000  3409.00000     0.86943     0.06497    67.22367    32.77633     0.59081
   81.00000    86.00000    24.00000  3464.00000     0.75946     0.05640    71.12573    28.87427     0.54359
   82.00000    87.00000    10.00000  3490.00000     2.02114     0.15175    70.35940    29.64060     0.52691
   83.00000    89.00000     0.00000  3560.00000     0.98817     0.07331    64.65857    35.34143     0.53564
   84.00000    89.00000     8.00000  3568.00000     3.13370     0.24023    91.69570     8.30430     1.84761
   85.00000    89.00000    27.00000  3587.00000     3.73517     0.28416    94.29145     5.70855     1.99966
   86.00000    90.00000    35.00000  3635.00000     0.87311     0.07562    78.87033    21.12967     0.39607
   87.00000    95.00000    36.00000  3836.00000     0.81694     0.07060    83.64949    16.35051     0.39866
   88.00000    95.00000    38.00000  3838.00000     0.75057     0.06392    78.27600    21.72400     0.41735
   89.00000    96.00000     4.00000  3844.00000     0.70694     0.05384    66.69559    33.30441     0.55326
   90.00000    98.00000     0.00000  3920.00000     0.99544     0.08312    59.39206    40.60794     0.52038
   91.00000    99.00000     3.00000  3963.00000     2.00017     0.15838    58.60980    41.39020     0.55534
   92.00000    99.00000    13.00000  3973.00000     0.78716     0.06019    66.08120    33.91880     0.56444
   93.00000   101.00000     3.00000  4043.00000     1.76127     0.13676    68.93663    31.06337     0.53726
   94.00000   102.00000     9.00000  4089.00000     1.54873     0.12287    77.16738    22.83262     0.52920
   95.00000   102.00000    21.00000  4101.00000     0.56327     0.04114    68.71255    31.28745     0.53939
   96.00000   103.00000     5.00000  4125.00000     0.68478     0.05360    61.09597    38.90403     0.57711
   97.00000   103.00000    22.00000  4142.00000     0.59563     0.04483    67.48406    32.51594     0.58674
   98.00000   106.00000    28.00000  4268.00000     0.60910     0.04448    63.00981    36.99019     0.58416
   99.00000   108.00000     3.00000  4323.00000     1.01600     0.07799    63.34533    36.65467     0.58245
